[header]
width=58
height=54
tilewidth=16
tileheight=16
orientation=orthogonal

[tilesets]
tileset=../../../../assets/sprite_sheets/arne_sprites.png,16,16,0,0

[layer]
type=Tile Layer 1
data=
0,0,0,0,0,0,0,0,0,0,0,0,0,0,0,0,0,0,0,0,0,0,0,0,0,0,0,0,0,0,0,0,0,0,0,0,0,0,0,0,0,0,0,0,0,0,0,0,0,0,0,0,0,0,0,0,0,0,
0,0,0,0,0,0,0,0,0,0,0,0,0,0,0,0,0,0,0,0,0,0,0,0,0,0,0,0,0,0,0,0,0,0,0,0,0,0,0,0,0,0,0,0,0,0,0,0,0,0,0,0,0,0,0,0,0,0,
0,0,0,0,0,0,0,0,0,0,0,0,0,0,0,0,0,0,0,0,0,0,0,0,0,0,0,0,0,0,0,0,0,0,0,0,0,0,0,0,0,0,0,0,0,0,0,0,0,0,0,0,0,0,0,0,0,0,
0,0,0,0,0,0,0,0,0,0,0,0,0,0,0,0,0,0,0,0,0,0,0,0,0,0,0,0,0,0,0,0,0,0,0,0,0,0,0,0,0,0,0,0,0,0,0,0,0,0,0,0,0,0,0,0,0,0,
0,0,0,0,0,0,0,0,0,0,0,0,0,0,0,0,0,0,0,0,0,0,0,0,0,0,0,0,0,0,0,0,0,0,0,0,0,0,0,0,0,0,0,0,0,0,0,0,0,0,0,0,0,0,0,0,0,0,
0,0,0,0,0,0,0,0,0,0,0,0,0,0,0,0,0,0,0,0,0,0,0,0,0,0,0,0,0,0,0,0,0,0,0,0,0,0,0,0,0,0,0,0,0,0,0,0,0,0,0,0,0,0,0,0,0,0,
0,0,0,0,0,0,0,0,0,0,0,0,0,0,0,0,0,0,0,0,0,0,0,0,0,0,0,0,0,0,0,0,0,0,0,0,0,0,0,0,0,0,0,0,0,0,0,0,0,0,0,0,0,0,0,0,0,0,
0,0,0,0,0,0,0,0,0,0,0,0,0,0,0,0,0,0,0,0,0,0,0,0,0,0,0,0,0,0,0,0,0,0,0,0,0,0,0,0,0,0,0,0,0,0,0,0,0,0,0,0,0,0,0,0,0,0,
0,0,0,0,0,0,0,0,0,0,0,0,0,0,0,0,0,0,0,0,0,0,0,0,0,0,0,0,0,0,0,0,0,0,0,0,0,0,0,0,0,97,98,0,0,0,0,0,0,0,0,0,0,0,0,0,0,0,
0,0,0,0,0,0,0,0,0,0,0,0,0,0,0,0,0,0,0,0,0,0,0,0,0,0,0,0,0,0,0,0,0,0,116,0,0,0,0,0,0,0,0,0,0,0,0,0,0,0,0,116,0,0,0,0,0,0,
0,0,0,0,0,0,0,0,0,0,0,0,0,0,0,0,0,0,0,0,0,116,0,0,0,0,97,98,0,0,0,0,0,0,0,0,0,0,0,0,113,0,0,0,0,0,0,0,0,0,0,0,0,0,0,0,0,0,
0,0,0,0,0,0,0,0,116,0,0,0,0,0,113,0,0,0,0,0,0,0,0,0,0,0,0,0,0,0,0,0,0,0,0,0,0,0,0,0,0,0,0,0,0,0,0,0,113,0,0,0,0,0,0,0,0,0,
0,0,0,0,0,0,0,0,0,0,0,0,0,0,0,0,0,0,0,0,0,0,0,0,114,115,0,0,0,0,0,0,0,0,0,0,0,114,115,0,0,0,0,0,0,0,0,0,0,0,0,0,0,0,0,0,0,0,
0,0,0,113,0,0,0,0,0,0,114,115,0,0,0,0,0,0,0,0,0,0,0,0,0,0,0,0,0,0,0,0,0,0,0,0,0,0,0,0,0,0,0,0,0,0,0,104,115,0,0,0,0,104,0,0,0,0,
0,116,0,0,0,0,0,0,0,0,0,0,0,0,0,0,97,98,0,0,0,0,0,0,0,0,0,0,113,0,0,0,0,0,0,0,0,0,0,0,0,0,0,0,0,0,0,120,0,0,0,0,0,120,0,0,0,0,
0,0,0,0,0,0,0,0,0,0,0,0,0,0,0,0,0,0,0,0,0,0,0,0,0,0,0,0,0,0,0,0,0,0,0,0,0,0,0,0,0,0,0,0,0,0,0,8,8,8,8,8,8,8,0,0,0,0,
0,0,0,0,0,0,0,97,98,0,0,0,0,0,0,0,0,0,0,0,0,0,0,0,0,0,0,0,0,0,0,0,0,0,0,0,0,0,0,0,0,0,4,0,0,0,0,0,0,0,0,0,0,0,0,0,0,4,
0,0,0,0,0,0,0,0,0,0,0,0,0,0,0,0,0,0,0,0,0,0,0,0,0,0,0,0,0,0,116,0,0,0,4,0,0,0,0,0,0,0,0,0,0,113,0,0,0,0,0,0,0,0,0,0,0,0,
0,0,0,0,0,0,0,4,5,4,4,0,0,0,0,0,0,0,0,0,0,114,115,0,0,0,0,0,0,0,0,0,0,0,0,0,0,97,98,0,0,0,0,0,0,0,0,0,0,0,0,0,0,0,0,0,0,0,
0,0,0,0,4,0,0,0,0,0,0,0,0,0,0,0,0,0,0,0,0,0,0,0,0,0,0,0,0,0,5,0,0,0,0,0,0,0,0,5,0,0,0,0,0,0,0,0,0,0,0,0,0,0,4,0,0,0,
0,0,0,0,0,0,0,0,0,0,0,0,0,0,0,0,0,0,0,0,0,113,0,0,0,0,4,0,0,0,0,0,0,0,0,0,0,0,0,0,0,0,0,0,0,0,0,0,0,0,0,0,0,0,0,0,0,0,
0,0,0,0,0,0,0,0,0,0,0,0,0,0,0,0,0,0,0,0,0,0,0,0,0,0,0,0,0,0,0,0,0,0,0,0,0,0,0,0,0,0,0,0,0,0,0,0,0,0,0,0,0,0,116,0,0,0,
4,5,0,0,0,0,0,0,0,0,0,0,0,0,0,0,0,0,0,0,0,5,4,0,0,0,0,0,0,0,0,0,0,0,0,0,0,0,0,0,0,0,0,0,0,0,0,0,0,0,0,0,0,5,0,0,0,0,
0,0,0,0,0,0,0,113,0,0,0,116,0,0,0,0,4,0,0,0,0,0,0,0,0,0,0,0,0,0,0,0,0,0,0,0,0,0,0,0,0,0,0,0,4,0,0,0,0,0,0,0,0,0,0,0,0,0,
0,0,0,4,0,0,0,0,0,0,0,0,0,4,4,4,5,0,0,116,0,0,0,0,0,0,0,0,0,0,97,98,0,0,0,0,0,0,0,0,114,115,0,0,0,0,0,0,0,4,0,0,0,0,0,0,0,0,
0,0,0,4,5,5,4,0,0,0,0,0,0,0,0,0,0,0,0,0,0,0,0,0,0,0,0,0,0,0,0,0,0,0,0,0,0,0,0,0,0,0,0,0,0,0,0,0,0,0,0,0,0,0,0,0,0,0,
0,0,0,0,0,0,0,0,0,0,0,0,0,0,0,0,0,0,0,0,0,0,0,0,0,0,0,0,0,0,0,0,0,0,0,0,0,0,0,0,0,0,0,0,0,0,0,0,0,0,0,0,0,0,0,0,0,0,
0,0,114,115,0,0,0,0,4,4,4,5,0,0,0,0,0,0,0,0,0,0,0,0,0,0,0,0,0,0,0,0,0,0,0,0,0,0,0,0,0,0,0,0,0,0,5,0,0,0,0,0,0,0,0,0,0,0,
0,0,0,0,0,0,0,5,0,0,0,0,0,0,0,0,0,0,0,0,0,0,0,0,4,5,5,4,4,0,0,0,0,0,0,0,0,0,0,0,0,0,0,0,0,0,0,0,0,0,0,97,98,0,0,0,0,0,
0,0,0,0,0,0,0,0,0,0,0,0,97,98,0,0,0,0,0,0,0,0,0,0,0,0,0,0,0,0,0,0,0,0,4,5,0,0,0,0,0,0,0,113,0,0,0,0,0,0,0,0,0,0,0,4,0,0,
0,0,0,4,0,0,0,0,0,0,0,0,0,0,0,0,0,0,0,0,0,0,0,113,0,0,0,0,0,0,0,0,0,0,0,0,0,0,0,0,0,0,0,4,0,0,0,0,0,0,0,0,0,0,0,0,0,0,
0,0,0,0,0,116,0,0,0,0,0,0,0,0,0,0,0,0,0,0,0,114,115,0,0,0,0,0,0,0,0,0,0,0,0,0,0,0,0,0,0,0,0,0,0,0,0,0,0,0,0,5,0,0,0,0,0,0,
0,0,0,0,0,0,0,0,0,0,0,0,0,0,0,0,0,0,0,0,0,0,0,0,0,0,0,0,0,116,0,0,0,0,0,0,0,0,0,0,0,0,0,0,0,0,0,0,0,0,0,0,0,0,0,0,0,0,
0,0,0,0,0,4,5,4,0,0,0,0,0,0,0,0,0,0,0,0,0,0,0,0,0,0,0,0,0,0,0,0,4,4,0,0,0,0,0,0,0,0,0,0,0,0,0,4,0,0,0,0,0,0,0,0,0,0,
0,0,0,0,113,0,0,0,0,0,0,0,0,4,4,0,0,0,0,0,0,0,0,0,0,0,0,0,0,0,0,0,0,0,0,97,98,0,0,0,0,0,0,0,0,0,0,0,0,0,0,0,0,0,0,0,0,0,
0,0,0,0,0,0,0,0,0,0,0,0,0,0,0,0,0,0,0,0,0,0,0,0,0,0,0,0,0,0,0,0,0,0,0,0,0,0,0,0,0,0,0,0,0,0,0,0,0,0,0,0,0,0,0,0,0,0,
0,0,0,0,0,0,0,0,0,0,0,0,0,0,0,0,0,0,0,0,0,0,0,0,0,0,0,4,5,4,4,0,0,0,0,0,0,0,0,0,0,0,0,114,115,0,0,0,0,0,0,5,0,0,116,0,0,0,
0,0,0,0,0,0,0,0,0,0,0,0,0,0,0,0,4,5,4,0,0,0,0,0,0,0,0,0,0,0,0,0,0,0,0,0,0,0,0,0,0,0,0,0,0,0,0,0,0,0,0,0,0,0,0,0,0,0,
0,0,0,0,0,0,0,0,97,98,0,0,0,0,0,0,0,0,0,0,0,0,0,0,0,0,0,0,0,0,0,0,0,0,0,4,0,0,0,0,0,0,0,0,0,0,0,0,0,0,0,0,0,0,0,0,0,0,
0,0,0,0,0,0,0,0,0,0,0,0,0,0,0,0,0,0,0,0,0,4,5,4,4,0,0,0,0,0,0,0,0,0,4,5,4,0,0,0,0,0,0,0,0,0,0,0,104,0,0,0,0,0,4,5,0,104,
0,0,0,0,0,0,0,0,0,0,0,0,0,0,0,0,0,0,0,0,0,0,0,0,0,0,0,0,0,0,0,0,0,0,0,0,0,0,0,0,0,0,0,0,0,0,0,0,120,0,0,0,0,5,4,4,0,120,
0,0,0,0,0,0,0,0,0,0,0,0,0,0,0,0,0,0,0,0,0,0,0,0,0,0,97,98,0,0,0,0,0,0,0,0,0,0,0,0,0,0,0,0,0,0,0,0,1,19,19,19,19,19,19,19,19,19,
0,0,114,115,0,0,0,0,0,0,0,0,0,0,0,0,0,0,0,0,0,0,0,0,0,0,0,104,0,0,0,0,104,0,0,0,0,0,0,4,4,0,0,0,0,104,0,1,34,34,34,34,34,34,34,34,34,34,
0,0,0,0,0,0,0,0,0,0,0,0,0,0,0,0,0,113,0,0,0,0,0,0,0,0,0,120,0,0,0,0,120,0,0,0,0,0,0,5,5,0,0,0,0,120,1,34,34,34,34,34,34,34,34,34,34,34,
0,0,0,0,0,0,0,0,0,0,0,0,0,0,0,116,0,0,0,0,0,0,0,0,0,0,0,1,19,19,19,19,19,19,19,19,19,19,19,19,19,18,18,18,18,18,34,34,34,34,34,34,34,34,34,34,34,34,
0,0,0,0,0,0,104,0,104,0,104,0,104,104,104,0,0,0,0,0,0,0,0,0,104,0,1,35,34,34,34,34,34,34,34,34,34,34,34,34,34,35,35,34,34,34,34,34,34,34,34,34,34,34,34,34,34,34,
0,0,0,0,0,0,120,0,120,0,120,0,120,120,120,0,0,0,0,0,0,0,0,0,120,1,35,35,34,35,35,35,35,35,35,35,35,35,35,35,35,35,35,34,34,34,34,34,34,34,34,34,34,34,34,34,34,34,
18,18,18,18,18,18,18,18,18,18,18,18,18,18,18,18,0,0,18,18,18,18,18,18,18,35,35,35,35,35,35,35,35,35,35,35,35,35,35,35,35,35,35,34,34,34,34,34,34,34,34,34,34,34,34,34,34,34,
34,35,34,34,34,34,34,34,34,34,34,34,34,34,34,34,0,0,34,34,34,34,34,34,34,35,35,35,35,35,35,35,35,35,35,35,35,35,35,35,34,35,35,34,34,34,34,34,34,34,34,34,34,34,34,34,34,34,
34,35,35,35,34,35,35,34,34,34,34,34,34,34,34,34,0,0,34,35,35,35,35,34,34,35,35,35,35,35,35,35,35,35,35,35,35,35,35,35,34,35,35,34,34,34,34,34,34,34,34,34,34,34,34,34,34,34,
34,34,34,35,35,35,35,35,35,35,35,35,35,35,35,35,0,0,35,35,35,34,34,34,34,35,35,35,35,35,35,35,35,35,35,35,35,35,35,35,34,35,35,34,34,34,34,34,34,34,34,34,34,34,34,34,34,34,
34,34,35,35,35,35,34,35,35,35,35,35,35,35,35,34,0,0,35,34,34,35,35,35,35,35,35,35,35,35,35,35,35,35,35,35,35,35,35,35,34,35,35,34,34,34,34,34,34,34,34,34,34,34,34,34,34,34,
34,35,35,34,34,35,35,34,34,34,35,35,35,35,35,35,0,0,35,35,35,35,35,35,35,34,35,35,35,35,35,35,35,35,35,35,35,35,35,35,34,35,34,34,34,34,34,34,34,34,34,34,34,34,34,34,34,34,
34,35,34,34,34,34,35,35,35,34,34,34,34,34,34,34,0,0,34,35,34,34,34,34,34,34,35,35,35,35,35,35,35,35,35,35,35,35,35,35,34,35,34,34,34,34,34,34,34,34,34,34,34,34,34,34,34,34

[Object Layer 1]
# Enemy
type=Enemy
location=11,46,1,1

[Object Layer 1]
# Enemy
type=Enemy
location=11,46,1,1

[Object Layer 1]
# Enemy
type=Enemy
location=20,46,1,1

[Object Layer 1]
# Enemy
type=Enemy
location=30,43,1,1

[Object Layer 1]
# ScalplessPlayer
type=Player
location=1,46,1,1

[Object Layer 1]
# Key
type=Key
location=50,14,1,1

[Object Layer 1]
# Enemy
type=Enemy
location=17,36,1,1

[Object Layer 1]
# Enemy
type=Enemy
location=23,39,1,1

[Object Layer 1]
# Enemy
type=Enemy
location=42,43,1,1

[Object Layer 1]
# Enemy
type=Enemy
location=50,40,1,1

[Object Layer 1]
# Enemy
type=Enemy
location=28,35,1,1

[Object Layer 1]
# Enemy
type=Enemy
location=26,26,1,1

[Object Layer 1]
# Enemy
type=Enemy
location=8,17,1,1

[Object Layer 1]
# Enemy
type=Enemy
location=6,33,1,1

[Object Layer 1]
# Enemy
type=Enemy
location=9,26,1,1

[Object Layer 1]
# Enemy
type=Enemy
location=14,23,1,1

