[header]
width=64
height=32
tilewidth=16
tileheight=16
orientation=orthogonal

[tilesets]
tileset=../../../../assets/sprite_sheets/arne_sprites.png,16,16,0,0

[layer]
type=Tile Layer 1
data=
0,0,0,0,0,0,0,0,0,0,0,0,0,0,0,0,0,0,0,0,0,0,0,0,0,0,0,0,0,0,0,0,0,0,0,0,0,0,0,0,0,0,0,0,0,0,0,0,0,0,0,0,0,0,0,0,0,0,0,0,0,0,0,0,
0,0,0,0,0,0,0,0,0,0,0,0,0,0,0,0,0,0,0,0,0,0,0,0,0,0,0,0,0,0,0,0,0,0,0,0,0,0,0,0,0,0,0,0,0,0,0,0,0,0,0,0,0,0,0,0,0,0,0,0,0,0,0,0,
0,0,0,0,0,0,0,0,0,0,0,0,0,0,0,0,0,0,0,0,0,0,0,0,0,0,0,0,0,0,0,0,0,0,0,0,0,0,0,0,0,0,0,0,0,0,0,0,0,0,0,0,0,0,0,0,0,0,0,0,0,0,0,0,
0,0,0,0,0,0,0,0,0,0,0,0,0,0,0,0,0,0,0,0,0,0,0,0,0,0,0,0,0,0,0,0,0,0,0,0,0,0,0,0,0,0,0,0,0,0,0,0,0,0,0,0,0,0,0,0,0,0,0,0,0,0,0,0,
0,0,0,0,0,0,0,0,0,0,0,0,0,0,0,0,0,0,0,0,0,0,0,0,0,0,0,0,0,0,0,0,0,0,0,0,0,0,0,0,0,0,0,0,0,0,0,0,0,0,0,0,0,0,0,0,0,0,0,0,0,0,0,0,
0,0,0,0,0,0,0,0,0,0,0,0,0,0,0,0,0,0,0,0,0,0,0,0,0,0,0,0,0,0,0,0,0,0,0,0,0,0,0,0,0,0,0,0,0,0,0,0,0,0,0,0,0,0,0,0,0,0,0,0,0,0,0,0,
0,0,0,0,0,0,0,0,0,0,0,0,0,0,0,0,0,0,0,0,0,0,0,0,0,0,0,0,0,0,0,0,0,0,0,0,0,0,0,0,0,0,0,0,0,0,0,0,0,0,0,0,0,0,0,0,0,0,0,0,0,0,0,0,
0,0,0,0,0,0,0,0,0,0,0,0,0,0,0,0,0,0,0,0,0,0,0,0,0,0,0,0,0,0,0,0,0,0,0,0,0,0,0,0,0,0,0,0,0,0,0,0,0,0,0,0,0,0,0,0,0,0,0,0,0,0,0,0,
0,0,0,0,0,0,0,0,0,0,0,0,0,0,0,0,0,0,0,0,0,0,0,0,0,0,0,0,0,0,0,0,0,0,0,0,0,0,0,0,0,0,0,0,0,0,0,0,0,0,0,0,0,0,0,0,0,0,0,0,0,0,0,0,
0,0,0,0,0,0,0,0,0,0,0,0,0,0,0,0,0,0,0,0,0,0,0,0,0,0,0,0,0,0,0,0,0,0,0,0,0,0,0,0,0,0,0,0,0,0,0,0,0,0,0,0,0,0,0,0,0,0,0,0,0,0,0,0,
0,0,0,0,0,0,0,0,0,0,0,0,0,0,0,0,0,0,0,0,0,0,0,0,0,0,0,0,0,0,0,0,0,0,0,0,0,0,0,0,0,0,0,0,0,0,0,0,0,0,0,0,0,0,0,0,0,0,0,0,0,0,0,0,
0,0,0,0,0,0,0,0,0,0,0,0,0,0,0,0,0,0,0,0,0,0,0,0,0,0,0,0,0,0,0,0,0,0,0,0,0,0,0,0,0,0,0,0,0,0,0,0,0,0,0,0,0,0,0,0,0,0,0,0,0,0,0,0,
0,0,0,0,0,0,0,0,0,0,0,0,0,0,0,0,0,0,0,0,0,0,0,0,0,0,0,0,0,0,0,0,0,0,0,0,0,0,0,0,0,0,0,0,0,0,0,0,0,0,0,0,0,0,0,0,0,0,0,0,0,0,0,0,
0,0,0,0,0,0,0,0,0,0,0,0,0,0,0,0,0,0,0,0,0,0,0,0,0,0,0,0,0,0,0,0,0,0,0,0,0,0,0,0,0,0,0,0,0,0,0,0,0,0,0,0,0,0,0,0,0,0,0,0,0,0,0,0,
0,0,0,0,0,0,0,0,0,0,0,0,0,0,0,0,0,0,0,0,0,0,0,0,0,0,0,0,0,0,0,0,0,0,0,0,0,0,0,0,0,0,0,0,0,0,0,0,0,0,0,0,0,0,0,0,0,0,0,0,0,0,0,0,
0,0,114,115,0,0,0,97,98,0,0,0,0,0,113,0,0,0,0,0,0,0,0,0,0,0,0,0,0,0,0,0,0,0,0,97,98,0,0,0,0,0,0,0,0,0,0,0,0,0,0,97,98,0,0,0,0,0,0,0,0,0,0,0,
0,0,0,0,0,0,0,0,0,0,0,0,0,0,0,0,0,0,0,0,0,114,115,0,0,0,0,0,116,0,0,0,0,0,0,0,0,0,0,0,114,115,0,0,0,0,116,0,0,0,0,0,0,0,0,0,0,0,0,0,116,0,0,0,
0,0,0,0,0,0,116,0,0,0,0,0,0,0,97,98,0,0,0,0,0,0,0,0,0,0,0,0,0,0,0,0,0,0,0,0,0,0,0,0,0,0,0,116,0,0,0,0,0,0,0,0,0,0,0,114,115,0,0,0,0,0,0,0,
0,0,113,0,0,0,0,0,0,0,114,115,0,0,0,0,0,0,0,0,0,116,0,0,0,0,0,0,0,0,0,0,0,0,0,0,0,113,0,0,0,0,0,0,0,0,0,0,0,0,0,0,116,0,0,0,0,0,0,0,0,0,0,0,
0,0,0,0,0,0,0,0,0,0,0,0,0,0,0,0,0,0,0,0,0,0,0,0,0,0,97,98,0,0,0,0,0,0,0,0,0,0,0,0,0,0,0,0,0,0,97,98,0,0,0,0,0,0,0,0,0,0,0,0,97,98,0,0,
0,0,0,0,0,97,98,0,0,0,0,116,0,0,0,0,0,0,0,0,0,0,113,0,0,0,0,0,0,0,0,0,0,116,0,0,0,0,0,0,0,0,0,0,0,0,0,0,0,0,0,0,0,0,0,0,113,0,0,0,0,0,0,0,
0,116,0,0,0,0,0,0,0,0,0,0,0,0,0,0,0,97,98,0,0,0,0,0,0,0,4,5,4,5,4,0,0,0,0,0,0,0,0,97,98,0,0,0,0,0,113,0,0,0,0,0,0,97,4,5,4,4,0,0,116,0,0,0,
0,0,0,0,0,104,0,0,114,115,0,0,0,0,0,0,0,0,0,0,104,104,104,0,114,115,0,0,0,0,0,0,0,114,115,104,104,0,104,0,0,0,0,0,0,0,0,0,114,115,104,0,0,0,0,0,0,0,0,0,0,104,104,104,
0,0,0,0,0,120,0,0,0,5,0,0,0,0,0,0,0,4,0,0,120,120,120,0,0,0,0,0,0,0,0,0,0,0,0,120,120,0,120,0,0,5,0,0,0,0,5,0,0,0,120,0,0,0,0,0,0,0,0,0,0,120,120,120,
2,18,19,2,17,19,18,19,2,2,17,19,2,19,17,18,2,19,2,18,17,19,2,18,17,2,19,2,18,17,19,2,18,2,17,19,18,2,2,17,19,2,2,18,19,2,2,19,18,2,2,19,18,17,19,18,19,2,2,18,17,18,17,3,
35,35,35,35,35,35,35,35,35,35,35,35,35,35,35,35,35,35,35,35,35,35,35,35,35,35,35,35,35,35,35,35,35,35,35,35,35,35,35,35,35,35,35,35,35,35,35,35,35,35,35,35,35,35,35,35,35,35,35,35,35,35,35,35,
35,35,35,35,35,35,35,35,35,35,35,35,35,35,34,34,34,34,34,34,34,35,35,35,35,35,35,35,35,35,35,35,35,35,35,35,35,35,35,35,35,35,35,35,35,34,34,34,34,34,34,34,34,34,34,34,34,34,34,35,35,35,35,34,
34,34,34,34,34,34,34,34,34,34,34,34,34,34,34,34,35,35,35,35,34,34,35,35,35,35,35,34,34,34,34,34,34,34,34,34,34,34,34,34,35,35,34,34,34,34,35,35,35,35,35,35,35,35,35,34,34,34,35,34,34,34,34,34,
34,34,34,35,35,34,34,34,34,34,35,34,34,34,34,34,34,34,34,35,35,34,34,34,34,34,34,34,34,34,34,34,35,35,35,35,35,35,35,34,34,34,34,35,35,34,34,35,35,35,35,35,34,34,34,35,35,34,34,35,35,35,34,35,
35,35,34,34,34,34,34,34,35,35,34,34,35,35,35,35,34,34,35,34,34,34,35,34,34,34,35,34,34,34,34,34,34,35,35,35,34,34,34,34,34,34,34,35,35,35,34,34,35,35,34,34,34,35,35,35,35,35,34,34,34,34,34,34,
35,35,35,35,35,35,35,34,34,34,35,35,35,35,35,35,35,34,34,35,34,34,35,34,34,35,35,35,35,35,35,34,34,34,34,34,34,34,35,35,35,35,34,34,34,34,35,34,34,34,34,34,34,34,34,35,35,35,35,34,34,35,35,35,
35,35,35,35,35,35,35,35,35,35,35,35,35,35,35,35,35,35,34,34,35,35,34,34,35,35,35,35,35,35,35,35,35,35,35,35,35,35,35,35,35,35,35,35,35,34,34,34,34,35,35,35,35,35,34,34,34,34,34,34,35,35,35,35

[Object Layer 1]
# ScalplessPlayer
type=Player
location=2,23,1,1

[Object Layer 1]
# Enemy
type=Enemy
location=13,23,1,1

[Object Layer 1]
# Enemy
type=Enemy
location=29,23,1,1

[Object Layer 1]
# Enemy
type=Enemy
location=44,23,1,1

[Object Layer 1]
# Key
type=Key
location=55,19,1,1

